Load (kips)	Crosshead Disp (in.)	Ext1 (%)	Ext2 (%)	Time (s)	
-0.107400	0.000000	3.479000	-0.000100	4.599000
-0.107400	0.000000	3.475000	-0.000200	4.821000
-0.107400	0.000000	3.509000	-0.000100	5.021000
0.053690	0.000000	3.436000	-0.000200	5.218000
0.053690	0.000000	3.439000	-0.000200	5.422000
0.053690	0.000000	3.443000	-0.000200	5.622000
0.000000	0.000000	3.463000	-0.000300	5.816000
-0.107400	0.000000	3.474000	-0.000100	6.022000
-0.107400	0.000000	3.472000	-0.000200	6.219000
-0.107400	-0.000000	3.568000	-0.000100	6.427000
-0.053700	-0.001000	3.534000	-0.000100	6.628000
-0.107400	-0.001000	3.483000	-0.000200	6.824000
-0.053700	-0.002000	3.405000	-0.000200	7.025000
-0.053700	-0.002000	3.455000	-0.000200	7.231000
0.000000	-0.003000	3.525000	-0.000200	7.427000
-0.053700	-0.003000	3.459000	-0.000200	7.628000
-0.053700	-0.004000	3.470000	-0.000200	7.829000
0.107400	-0.004000	3.494000	-0.000100	8.024000
0.053690	-0.005000	3.420000	-0.000200	8.229000
-0.053700	-0.005000	3.487000	-0.000200	8.429000
-0.375800	-0.006000	3.464000	-0.000200	8.627000
-0.536900	-0.006000	3.471000	-0.000200	8.826000
-0.751700	-0.007000	3.486000	-0.000200	9.033000
-1.020000	-0.007000	3.442000	-0.000200	9.229000
-1.289000	-0.008000	3.456000	-0.000200	9.429000
-1.557000	-0.008000	3.491000	-0.000100	9.628000
-1.879000	-0.009000	3.475000	-0.000100	9.827000
-2.255000	-0.009000	3.468000	-0.000200	10.028000
-2.685000	-0.010000	3.474000	-0.000200	10.229000
-3.168000	-0.010000	3.458000	-0.000200	10.425000
-3.436000	-0.011000	3.448000	-0.000200	10.626000
-4.027000	-0.011000	3.428000	-0.000200	10.827000
-4.564000	-0.012000	3.471000	-0.000300	11.031000
-5.208000	-0.012000	3.471000	-0.000300	11.229000
-5.852000	-0.013000	3.470000	-0.000100	11.427000
-6.443000	-0.013000	3.476000	-0.000100	11.628000
-7.034000	-0.014000	3.462000	-0.000100	11.827000
-7.678000	-0.014000	3.464000	-0.000200	12.027000
-8.268000	-0.015000	3.472000	-0.000200	12.227000
-8.966000	-0.015000	3.482000	-0.000200	12.425000
-9.611000	-0.016000	3.480000	-0.000200	12.629000
-10.200000	-0.016000	3.476000	-0.000200	12.827000
-10.900000	-0.017000	3.439000	-0.000200	13.027000
-11.380000	-0.017000	3.435000	-0.000200	13.229000
-11.970000	-0.018000	3.443000	-0.000100	13.425000
-12.720000	-0.018000	3.474000	-0.000200	13.629000
-13.370000	-0.019000	3.459000	-0.000200	13.830000
-14.010000	-0.019000	3.463000	-0.000100	14.031000
-14.660000	-0.020000	3.485000	-0.000200	14.230000
-15.250000	-0.020000	3.480000	-0.000200	14.431000
-15.840000	-0.021000	3.460000	-0.000200	14.626000
-16.380000	-0.021000	3.468000	-0.000200	14.827000
-16.910000	-0.022000	3.470000	-0.000200	15.031000
-17.400000	-0.022000	3.443000	-0.000100	15.230000
-17.340000	-0.023000	3.432000	-0.000100	15.425000
-17.340000	-0.023000	3.438000	-0.000200	15.628000
-17.560000	-0.024000	3.470000	-0.000200	15.830000
-17.720000	-0.024000	3.475000	-0.000200	16.029000
-17.930000	-0.025000	3.480000	-0.000200	16.226000
-18.090000	-0.025000	3.475000	-0.000100	16.425000
-18.040000	-0.026000	3.471000	-0.000100	16.629000
-17.990000	-0.026000	3.471000	-0.000200	16.826000
-18.040000	-0.027000	3.478000	-0.000200	17.028000
-18.040000	-0.027000	3.459000	-0.000100	17.229000
-17.830000	-0.028000	3.428000	-0.000100	17.430000
-17.880000	-0.028000	3.428000	-0.000200	17.628000
-17.990000	-0.029000	3.470000	-0.000200	17.827000
-17.990000	-0.029000	3.489000	-0.000300	18.031000
-18.040000	-0.030000	3.472000	-0.000200	18.230000
-18.040000	-0.030000	3.480000	-0.000200	18.428000
-18.090000	-0.031000	3.467000	-0.000200	18.625000
-18.090000	-0.031000	3.470000	-0.000100	18.827000
-18.090000	-0.032000	3.472000	-0.000200	19.024000
-18.090000	-0.032000	3.475000	-0.000200	19.226000
-18.090000	-0.033000	3.475000	-0.000200	19.429000
-18.090000	-0.033000	3.440000	-0.000200	19.628000
-17.880000	-0.034000	3.436000	-0.000200	19.828000
-17.880000	-0.034000	3.489000	-0.000100	20.024000
-18.090000	-0.035000	3.472000	-0.000200	20.226000
-18.200000	-0.035000	3.478000	-0.000100	20.426000
-18.310000	-0.036000	3.475000	-0.000100	20.625000
-18.360000	-0.036000	3.472000	-0.000100	20.831000
-18.360000	-0.037000	3.466000	-0.000100	21.029000
-18.470000	-0.037000	3.472000	-0.000200	21.222000
-18.520000	-0.038000	3.472000	-0.000200	21.430000
-18.580000	-0.038000	3.476000	-0.000200	21.630000
-18.470000	-0.039000	3.435000	-0.000200	21.826000
-18.470000	-0.039000	3.424000	-0.000200	22.029000
-18.680000	-0.040000	3.482000	-0.000100	22.230000
-18.850000	-0.040000	3.489000	-0.000200	22.425000
-18.900000	-0.041000	3.479000	-0.000100	22.628000
-18.850000	-0.041000	3.466000	-0.000100	22.827000
-19.170000	-0.042000	3.472000	-0.000100	23.027000
-19.380000	-0.042000	3.479000	-0.000200	23.228000
-19.440000	-0.043000	3.472000	-0.000300	23.428000
-19.540000	-0.043000	3.478000	-0.000200	23.630000
-19.650000	-0.044000	3.470000	-0.000100	23.829000
-19.810000	-0.044000	3.467000	-0.000200	24.030000
-19.970000	-0.045000	3.471000	-0.000100	24.224000
-19.970000	-0.045000	3.482000	-0.000200	24.430000
-19.870000	-0.046000	3.436000	-0.000200	24.628000
-19.970000	-0.047000	3.429000	-0.000200	24.829000
-20.190000	-0.047000	3.506000	-0.000200	25.031000
-20.890000	-0.047000	3.479000	-0.000300	25.228000
-21.580000	-0.048000	3.470000	-0.000200	25.431000
-22.120000	-0.048000	3.472000	-0.000100	25.628000
-22.710000	-0.049000	3.471000	-0.000200	25.826000
-23.360000	-0.049000	3.468000	-0.000100	26.028000
-23.950000	-0.050000	3.475000	-0.000100	26.231000
-24.590000	-0.050000	3.471000	-0.000200	26.432000
-25.180000	-0.051000	3.470000	-0.000100	26.631000
-25.720000	-0.051000	3.475000	-0.000200	26.828000
-26.360000	-0.052000	3.459000	-0.000200	27.033000
-26.850000	-0.052000	3.442000	-0.000100	27.226000
-27.380000	-0.053000	3.428000	-0.000200	27.427000
-28.190000	-0.053000	3.489000	-0.000200	27.627000
-28.890000	-0.054000	3.472000	-0.000100	27.827000
-29.480000	-0.054000	3.467000	-0.000200	28.030000
-30.120000	-0.055000	3.467000	-0.000200	28.231000
-30.710000	-0.055000	3.468000	-0.000200	28.431000
-31.360000	-0.056000	3.478000	-0.000300	28.630000
-31.950000	-0.056000	3.467000	-0.000200	28.830000
-32.590000	-0.057000	3.479000	-0.000200	29.032000
-33.020000	-0.057000	3.436000	-0.000100	29.232000
-33.610000	-0.058000	3.427000	-0.000100	29.433000
-34.250000	-0.058000	3.503000	-0.000100	29.629000
-35.010000	-0.059000	3.471000	-0.000300	29.833000
-35.600000	-0.059000	3.467000	-0.000200	30.029000
-36.190000	-0.060000	3.462000	-0.000200	30.231000
-36.830000	-0.060000	3.478000	-0.000200	30.428000
-37.480000	-0.061000	3.478000	-0.000200	30.631000
-38.010000	-0.061000	3.468000	-0.000100	30.829000
-38.600000	-0.062000	3.471000	-0.000100	31.032000
-39.140000	-0.062000	3.474000	-0.000200	31.229000
-39.790000	-0.063000	3.475000	-0.000200	31.431000
-40.380000	-0.063000	3.470000	-0.000200	31.628000
-40.860000	-0.064000	3.442000	-0.000200	31.829000
-41.340000	-0.064000	3.417000	-0.000200	32.028000
-41.990000	-0.065000	3.436000	-0.000200	32.227000
-42.580000	-0.065000	3.515000	-0.000200	32.429000
-43.330000	-0.066000	3.475000	-0.000200	32.628000
-43.920000	-0.066000	3.462000	-0.000100	32.832000
-44.350000	-0.067000	3.464000	-0.000300	33.032000
-45.100000	-0.067000	3.479000	-0.000200	33.226000
-45.690000	-0.068000	3.475000	-0.000200	33.429000
-46.230000	-0.068000	3.472000	-0.000100	33.629000
-46.660000	-0.069000	3.462000	-0.000100	33.831000
-47.360000	-0.069000	3.467000	-0.000200	34.030000
-47.790000	-0.070000	3.440000	-0.000100	34.233000
-48.320000	-0.070000	3.435000	-0.000200	34.428000
-49.070000	-0.071000	3.501000	-0.000100	34.629000
-49.610000	-0.071000	3.459000	-0.000200	34.828000
-50.250000	-0.072000	3.468000	-0.000200	35.028000
-50.790000	-0.072000	3.474000	-0.000200	35.231000
-51.330000	-0.073000	3.463000	-0.000200	35.427000
-51.810000	-0.073000	3.463000	-0.000200	35.632000
-52.350000	-0.074000	3.468000	-0.000200	35.828000
-52.940000	-0.074000	3.475000	-0.000100	36.030000
-53.420000	-0.075000	3.463000	-0.000100	36.229000
-53.740000	-0.075000	3.434000	-0.000200	36.428000
-54.340000	-0.076000	3.431000	-0.000200	36.629000
-54.980000	-0.077000	3.501000	-0.000200	36.831000
-55.520000	-0.077000	3.470000	-0.000200	37.030000
-56.050000	-0.077000	3.460000	-0.000200	37.231000
-56.590000	-0.078000	3.467000	-0.000100	37.429000
-57.020000	-0.078000	3.475000	-0.000200	37.628000
-57.560000	-0.079000	3.472000	-0.000100	37.830000
-58.040000	-0.079000	3.466000	-0.000200	38.029000
-58.520000	-0.080000	3.463000	-0.000100	38.232000
-58.850000	-0.080000	3.434000	-0.000100	38.429000
-59.380000	-0.081000	3.438000	-0.000200	38.628000
-59.810000	-0.081000	3.466000	-0.000300	38.832000
-60.400000	-0.082000	3.494000	-0.000200	39.027000
-60.990000	-0.082000	3.471000	-0.000200	39.235000
-61.420000	-0.083000	3.478000	-0.000100	39.429000
-61.850000	-0.083000	3.480000	-0.000100	39.629000
-62.280000	-0.084000	3.470000	-0.000100	39.829000
-62.710000	-0.084000	3.467000	-0.000200	40.032000
-63.140000	-0.085000	3.471000	-0.000100	40.232000
-63.620000	-0.085000	3.470000	-0.000200	40.433000
-64.000000	-0.086000	3.475000	-0.000200	40.629000
-64.480000	-0.086000	3.431000	-0.000200	40.832000
-64.640000	-0.087000	3.425000	-0.000200	41.032000
-65.130000	-0.087000	3.434000	-0.000100	41.232000
-65.830000	-0.088000	3.476000	-0.000200	41.434000
-66.200000	-0.088000	3.472000	-0.000200	41.631000
-66.580000	-0.089000	3.464000	-0.000200	41.834000
-67.010000	-0.089000	3.467000	-0.000200	42.033000
-67.380000	-0.090000	3.462000	-0.000300	42.228000
-67.760000	-0.090000	3.474000	-0.000200	42.428000
-68.190000	-0.091000	3.474000	-0.000200	42.628000
-68.560000	-0.091000	3.466000	-0.000100	42.828000
-68.940000	-0.092000	3.439000	-0.000100	43.033000
-69.100000	-0.092000	3.431000	-0.000100	43.235000
-69.530000	-0.093000	3.435000	-0.000200	43.434000
-70.070000	-0.093000	3.495000	-0.000200	43.630000
-70.440000	-0.094000	3.464000	-0.000200	43.828000
-70.870000	-0.094000	3.462000	-0.000200	44.029000
-71.190000	-0.095000	3.466000	-0.000200	44.231000
-71.620000	-0.095000	3.466000	-0.000100	44.432000
-71.950000	-0.096000	3.475000	-0.000100	44.630000
-72.210000	-0.096000	3.470000	-0.000200	44.834000
-72.540000	-0.097000	3.463000	-0.000200	45.035000
-73.020000	-0.097000	3.468000	-0.000200	45.228000
-73.340000	-0.098000	3.466000	-0.000200	45.428000
-73.720000	-0.098000	3.470000	-0.000200	45.634000
-73.880000	-0.099000	3.435000	-0.000200	45.832000
-74.200000	-0.099000	3.428000	-0.000200	46.031000
-74.580000	-0.100000	3.428000	-0.000100	46.232000
-75.010000	-0.100000	3.483000	-0.000100	46.430000
-75.380000	-0.101000	3.480000	-0.000200	46.628000
-75.810000	-0.101000	3.467000	-0.000200	46.829000
-76.030000	-0.102000	3.459000	-0.000200	47.029000
-76.350000	-0.102000	3.466000	-0.000200	47.228000
-76.720000	-0.103000	3.472000	-0.000100	47.428000
-77.050000	-0.103000	3.478000	-0.000200	47.631000
-77.370000	-0.104000	3.464000	-0.000200	47.831000
-77.480000	-0.104000	3.429000	-0.000100	48.034000
-77.910000	-0.105000	3.431000	-0.000100	48.228000
-78.280000	-0.105000	3.476000	-0.000100	48.432000
-78.660000	-0.106000	3.467000	-0.000300	48.632000
-78.760000	-0.106000	3.420000	-0.000100	48.829000
-78.980000	-0.107000	3.423000	-0.000200	49.032000
-79.460000	-0.107000	3.464000	-0.000200	49.230000
-79.840000	-0.108000	3.474000	-0.000200	49.432000
-80.110000	-0.108000	3.466000	-0.000100	49.634000
-80.380000	-0.109000	3.467000	-0.000100	49.831000
-80.640000	-0.109000	3.464000	-0.000100	50.030000
-80.910000	-0.110000	3.475000	-0.000200	50.232000
-81.180000	-0.110000	3.470000	-0.000200	50.434000
-81.500000	-0.111000	3.467000	-0.000200	50.632000
-81.770000	-0.111000	3.476000	-0.000200	50.829000
-81.990000	-0.112000	3.463000	-0.000200	51.028000
-82.250000	-0.112000	3.438000	-0.000100	51.233000
-82.310000	-0.113000	3.432000	-0.000100	51.430000
-82.630000	-0.113000	3.434000	-0.000200	51.630000
-83.060000	-0.114000	3.468000	-0.000200	51.830000
-83.270000	-0.114000	3.470000	-0.000200	52.032000
-83.540000	-0.115000	3.471000	-0.000200	52.236000
-83.700000	-0.115000	3.460000	-0.000200	52.428000
-83.970000	-0.116000	3.471000	-0.000200	52.630000
-84.240000	-0.116000	3.472000	-0.000200	52.833000
-84.350000	-0.117000	3.425000	-0.000100	53.030000
-84.510000	-0.117000	3.423000	-0.000100	53.233000
-84.780000	-0.118000	3.503000	-0.000100	53.432000
-85.150000	-0.118000	3.463000	-0.000200	53.632000
-85.370000	-0.119000	3.468000	-0.000200	53.829000
-85.640000	-0.119000	3.476000	-0.000200	54.032000
-85.850000	-0.120000	3.464000	-0.000200	54.227000
-86.010000	-0.120000	3.468000	-0.000200	54.429000
-86.230000	-0.121000	3.471000	-0.000100	54.631000
-86.550000	-0.121000	3.478000	-0.000100	54.835000
-86.710000	-0.122000	3.454000	-0.000100	55.032000
-86.710000	-0.122000	3.419000	-0.000200	55.229000
-86.980000	-0.123000	3.432000	-0.000200	55.433000
-87.140000	-0.123000	3.506000	-0.000200	55.629000
-87.680000	-0.124000	3.475000	-0.000300	55.833000
-87.730000	-0.124000	3.470000	-0.000100	56.036000
-88.050000	-0.125000	3.463000	-0.000200	56.229000
-88.160000	-0.125000	3.471000	-0.000100	56.429000
-88.430000	-0.126000	3.470000	-0.000100	56.634000
-88.700000	-0.126000	3.472000	-0.000200	56.831000
-88.810000	-0.127000	3.487000	-0.000200	57.032000
-88.750000	-0.127000	3.416000	-0.000200	57.231000
-89.020000	-0.128000	3.425000	-0.000200	57.431000
-89.340000	-0.128000	3.435000	-0.000100	57.634000
-89.660000	-0.129000	3.462000	-0.000200	57.834000
-89.770000	-0.129000	3.464000	-0.000100	58.032000
-89.990000	-0.130000	3.467000	-0.000100	58.232000
-90.200000	-0.130000	3.468000	-0.000200	58.433000
-90.420000	-0.131000	3.471000	-0.000200	58.632000
-90.580000	-0.131000	3.467000	-0.000200	58.835000
-90.740000	-0.132000	3.458000	-0.000200	59.032000
-90.900000	-0.132000	3.497000	-0.000200	59.230000
-90.900000	-0.133000	3.434000	-0.000200	59.435000
-91.220000	-0.133000	3.425000	-0.000100	59.629000
-91.330000	-0.134000	3.456000	-0.000100	59.834000
-91.600000	-0.134000	3.467000	-0.000100	60.036000
-91.870000	-0.135000	3.463000	-0.000100	60.232000
-92.030000	-0.135000	3.471000	-0.000200	60.429000
-92.190000	-0.136000	3.464000	-0.000200	60.629000
-92.460000	-0.136000	3.471000	-0.000200	60.830000
-92.620000	-0.137000	3.495000	-0.000200	61.036000
-92.560000	-0.137000	3.419000	-0.000100	61.235000
-92.780000	-0.138000	3.427000	-0.000100	61.431000
-92.990000	-0.138000	3.467000	-0.000100	61.633000
-93.320000	-0.139000	3.468000	-0.000100	61.835000
-93.480000	-0.139000	3.466000	-0.000100	62.031000
-93.690000	-0.140000	3.472000	-0.000200	62.235000
-93.850000	-0.140000	3.459000	-0.000200	62.433000
-94.070000	-0.141000	3.463000	-0.000200	62.629000
-94.170000	-0.141000	3.472000	-0.000200	62.836000
-94.440000	-0.142000	3.505000	-0.000200	63.034000
-94.600000	-0.142000	3.427000	-0.000200	63.235000
-94.440000	-0.143000	3.415000	-0.000200	63.429000
-94.760000	-0.143000	3.428000	-0.000200	63.633000
-95.030000	-0.144000	3.509000	-0.000200	63.833000
-95.250000	-0.144000	3.466000	-0.000200	64.036000
-95.410000	-0.145000	3.460000	-0.000200	64.235000
-95.570000	-0.145000	3.452000	-0.000200	64.434000
-95.680000	-0.146000	3.478000	-0.000200	64.631000
-95.890000	-0.146000	3.475000	-0.000200	64.836000
-96.050000	-0.147000	3.468000	-0.000200	65.036000
-96.110000	-0.147000	3.454000	-0.000100	65.230000
-96.320000	-0.148000	3.464000	-0.000100	65.433000
-96.590000	-0.148000	3.482000	-0.000200	65.629000
-96.750000	-0.149000	3.468000	-0.000200	65.834000
-96.860000	-0.149000	3.460000	-0.000300	66.035000
-97.020000	-0.150000	3.462000	-0.000200	66.232000
-96.970000	-0.150000	3.435000	-0.000200	66.431000
-97.180000	-0.151000	3.431000	-0.000200	66.635000
-97.340000	-0.151000	3.442000	-0.000100	66.830000
-97.720000	-0.152000	3.467000	-0.000200	67.033000
-97.720000	-0.152000	3.460000	-0.000200	67.232000
-97.930000	-0.153000	3.467000	-0.000200	67.430000
-98.200000	-0.153000	3.470000	-0.000200	67.634000
-98.310000	-0.154000	3.466000	-0.000200	67.834000
-98.420000	-0.154000	3.456000	-0.000200	68.035000
-98.580000	-0.155000	3.472000	-0.000200	68.235000
-98.850000	-0.155000	3.468000	-0.000100	68.437000
-98.900000	-0.156000	3.444000	-0.000200	68.632000
-98.850000	-0.156000	3.436000	-0.000100	68.833000
-99.010000	-0.157000	3.428000	-0.000100	69.036000
-99.270000	-0.157000	3.501000	-0.000100	69.232000
-99.600000	-0.158000	3.464000	-0.000300	69.430000
-99.700000	-0.158000	3.470000	-0.000300	69.630000
-99.870000	-0.159000	3.466000	-0.000200	69.832000
-99.920000	-0.159000	3.467000	-0.000200	70.035000
-100.100000	-0.160000	3.470000	-0.000100	70.232000
-100.300000	-0.160000	3.464000	-0.000100	70.434000
-100.400000	-0.161000	3.468000	-0.000100	70.635000
-100.500000	-0.161000	3.466000	-0.000200	70.832000
-100.700000	-0.162000	3.470000	-0.000200	71.035000
-100.800000	-0.162000	3.464000	-0.000200	71.232000
-100.700000	-0.163000	3.424000	-0.000200	71.432000
-100.900000	-0.163000	3.432000	-0.000200	71.630000
-101.100000	-0.164000	3.462000	-0.000200	71.836000
-101.400000	-0.164000	3.468000	-0.000100	72.036000
-101.500000	-0.165000	3.490000	-0.000100	72.230000
-101.600000	-0.165000	3.466000	-0.000100	72.432000
-101.700000	-0.166000	3.462000	-0.000100	72.634000
-101.900000	-0.166000	3.467000	-0.000100	72.831000
-102.100000	-0.167000	3.475000	-0.000200	73.034000
-102.100000	-0.167000	3.458000	-0.000200	73.236000
-102.200000	-0.168000	3.460000	-0.000200	73.436000
-102.400000	-0.168000	3.471000	-0.000200	73.636000
-102.600000	-0.169000	3.464000	-0.000200	73.833000
-102.400000	-0.169000	3.431000	-0.000100	74.036000
-102.600000	-0.170000	3.439000	-0.000100	74.231000
-102.900000	-0.170000	3.463000	-0.000200	74.436000
-103.000000	-0.171000	3.466000	-0.000100	74.632000
-103.100000	-0.171000	3.474000	-0.000200	74.836000
-103.200000	-0.172000	3.464000	-0.000200	75.035000
-103.400000	-0.172000	3.455000	-0.000200	75.236000
-103.400000	-0.173000	3.463000	-0.000200	75.434000
-103.700000	-0.173000	3.480000	-0.000200	75.630000
-103.800000	-0.174000	3.472000	-0.000100	75.833000
-103.900000	-0.174000	3.464000	-0.000100	76.032000
-103.700000	-0.175000	3.427000	-0.000200	76.235000
-103.900000	-0.175000	3.421000	-0.000100	76.431000
-104.100000	-0.176000	3.476000	-0.000200	76.630000
-104.300000	-0.176000	3.494000	-0.000200	76.835000
-104.300000	-0.177000	3.424000	-0.000200	77.034000
-104.400000	-0.177000	3.421000	-0.000100	77.231000
-104.700000	-0.178000	3.464000	-0.000200	77.436000
-104.900000	-0.178000	3.478000	-0.000200	77.632000
-105.000000	-0.179000	3.467000	-0.000200	77.831000
-105.100000	-0.179000	3.466000	-0.000100	78.036000
-105.200000	-0.180000	3.499000	-0.000200	78.236000
-105.300000	-0.180000	3.429000	-0.000200	78.435000
-105.200000	-0.181000	3.423000	-0.000200	78.636000
-105.400000	-0.181000	3.487000	-0.000300	78.835000
-105.700000	-0.182000	3.476000	-0.000300	79.033000
-105.800000	-0.182000	3.475000	-0.000100	79.238000
-105.900000	-0.183000	3.467000	-0.000200	79.431000
-106.000000	-0.183000	3.467000	-0.000100	79.635000
-106.200000	-0.184000	3.472000	-0.000100	79.836000
-106.300000	-0.184000	3.471000	-0.000100	80.036000
-106.300000	-0.185000	3.463000	-0.000100	80.235000
-106.500000	-0.185000	3.466000	-0.000200	80.432000
-106.600000	-0.186000	3.459000	-0.000200	80.633000
-106.500000	-0.186000	3.438000	-0.000200	80.837000
-106.700000	-0.187000	3.431000	-0.000200	81.034000
-106.800000	-0.187000	3.435000	-0.000200	81.232000
-106.900000	-0.188000	3.460000	-0.000100	81.437000
-107.100000	-0.188000	3.467000	-0.000200	81.637000
-107.300000	-0.189000	3.478000	-0.000200	81.834000
-107.300000	-0.189000	3.464000	-0.000200	82.036000
-107.300000	-0.190000	3.462000	-0.000200	82.231000
-107.400000	-0.190000	3.460000	-0.000200	82.436000
-107.500000	-0.191000	3.474000	-0.000200	82.635000
-107.700000	-0.191000	3.471000	-0.000200	82.834000
-107.800000	-0.192000	3.472000	-0.000200	83.037000
-107.700000	-0.192000	3.432000	-0.000100	83.233000
-107.700000	-0.193000	3.424000	-0.000100	83.434000
-107.900000	-0.193000	3.470000	-0.000100	83.635000
-108.100000	-0.194000	3.486000	-0.000200	83.833000
-108.200000	-0.194000	3.467000	-0.000200	84.034000
-108.200000	-0.195000	3.456000	-0.000200	84.233000
-108.300000	-0.195000	3.471000	-0.000200	84.433000
-108.400000	-0.196000	3.475000	-0.000200	84.635000
-108.500000	-0.196000	3.471000	-0.000100	84.835000
-108.600000	-0.197000	3.454000	-0.000100	85.036000
-108.500000	-0.197000	3.421000	-0.000100	85.236000
-108.600000	-0.198000	3.431000	-0.000100	85.435000
-108.800000	-0.198000	3.503000	-0.000100	85.632000
-109.000000	-0.199000	3.471000	-0.000200	85.836000
-109.000000	-0.199000	3.464000	-0.000200	86.033000
-109.100000	-0.200000	3.463000	-0.000200	86.235000
-109.200000	-0.200000	3.475000	-0.000200	86.435000
-109.300000	-0.201000	3.471000	-0.000100	86.631000
-109.400000	-0.201000	3.471000	-0.000100	86.832000
-109.400000	-0.202000	3.466000	-0.000100	87.033000
-109.600000	-0.202000	3.463000	-0.000200	87.235000
-109.700000	-0.203000	3.460000	-0.000200	87.437000
-109.500000	-0.203000	3.425000	-0.000200	87.631000
-109.700000	-0.204000	3.428000	-0.000200	87.836000
-110.000000	-0.204000	3.474000	-0.000200	88.035000
-110.100000	-0.205000	3.466000	-0.000200	88.237000
-110.100000	-0.205000	3.470000	-0.000100	88.436000
-110.200000	-0.206000	3.475000	-0.000100	88.635000
-110.200000	-0.206000	3.460000	-0.000200	88.836000
-110.400000	-0.207000	3.471000	-0.000200	89.035000
-110.400000	-0.207000	3.475000	-0.000200	89.237000
-110.500000	-0.208000	3.429000	-0.000200	89.433000
-110.300000	-0.208000	3.421000	-0.000200	89.636000
-110.400000	-0.209000	3.429000	-0.000200	89.832000
-110.700000	-0.209000	3.505000	-0.000200	90.038000
-110.800000	-0.210000	3.464000	-0.000100	90.233000
-110.800000	-0.210000	3.464000	-0.000100	90.432000
-110.900000	-0.211000	3.468000	-0.000200	90.633000
-111.000000	-0.211000	3.470000	-0.000100	90.836000
-111.100000	-0.212000	3.476000	-0.000200	91.038000
-111.100000	-0.212000	3.464000	-0.000200	91.235000
-111.200000	-0.213000	3.494000	-0.000300	91.436000
-110.900000	-0.213000	3.427000	-0.000200	91.634000
-111.100000	-0.214000	3.431000	-0.000100	91.836000
-111.200000	-0.214000	3.446000	-0.000200	92.036000
-111.300000	-0.215000	3.460000	-0.000100	92.237000
-111.400000	-0.215000	3.466000	-0.000100	92.437000
-111.500000	-0.216000	3.470000	-0.000200	92.632000
-111.600000	-0.216000	3.472000	-0.000200	92.835000
-111.600000	-0.217000	3.462000	-0.000200	93.033000
-111.600000	-0.217000	3.468000	-0.000200	93.232000
-111.600000	-0.218000	3.470000	-0.000200	93.436000
-111.700000	-0.218000	3.470000	-0.000200	93.639000
-111.600000	-0.219000	3.438000	-0.000100	93.834000
-111.600000	-0.219000	3.425000	-0.000100	94.035000
-111.800000	-0.220000	3.467000	-0.000200	94.238000
-111.800000	-0.220000	3.468000	-0.000200	94.432000
-111.900000	-0.221000	3.475000	-0.000200	94.634000
-111.900000	-0.221000	3.497000	-0.000300	94.833000
-112.000000	-0.222000	3.466000	-0.000200	95.035000
-112.100000	-0.222000	3.474000	-0.000200	95.237000
-112.100000	-0.223000	3.474000	-0.000200	95.438000
-112.200000	-0.223000	3.471000	-0.000200	95.636000
-112.200000	-0.224000	3.468000	-0.000000	95.837000
-112.300000	-0.224000	3.468000	-0.000200	96.031000
-112.300000	-0.225000	3.472000	-0.000200	96.232000
-112.300000	-0.225000	3.454000	-0.000200	96.436000
-112.200000	-0.226000	3.428000	-0.000200	96.636000
-112.300000	-0.226000	3.428000	-0.000200	96.834000
-112.500000	-0.227000	3.499000	-0.000200	97.038000
-112.600000	-0.227000	3.475000	-0.000100	97.240000
-112.700000	-0.228000	3.471000	-0.000100	97.436000
-112.600000	-0.228000	3.460000	-0.000100	97.636000
-112.800000	-0.229000	3.474000	-0.000100	97.836000
-112.900000	-0.229000	3.478000	-0.000200	98.039000
-113.000000	-0.230000	3.463000	-0.000200	98.236000
-112.900000	-0.230000	3.462000	-0.000200	98.436000
-113.000000	-0.231000	3.467000	-0.000200	98.634000
-113.100000	-0.231000	3.460000	-0.000200	98.833000
-112.900000	-0.232000	3.429000	-0.000100	99.036000
-113.000000	-0.232000	3.429000	-0.000100	99.235000
-113.100000	-0.233000	3.495000	-0.000200	99.434000
-113.300000	-0.233000	3.459000	-0.000200	99.632000
-113.400000	-0.234000	3.472000	-0.000200	99.833000
-113.500000	-0.234000	3.471000	-0.000200	100.039000
-113.600000	-0.235000	3.466000	-0.000200	100.233000
-113.500000	-0.235000	3.463000	-0.000200	100.435000
-113.600000	-0.236000	3.472000	-0.000100	100.632000
-113.800000	-0.236000	3.475000	-0.000100	100.835000
-113.800000	-0.237000	3.470000	-0.000100	101.034000
-113.800000	-0.237000	3.470000	-0.000100	101.239000
-113.900000	-0.238000	3.468000	-0.000100	101.433000
-113.900000	-0.238000	3.438000	-0.000200	101.634000
-113.700000	-0.239000	3.425000	-0.000200	101.836000
-113.800000	-0.239000	3.440000	-0.000100	102.033000
-114.200000	-0.240000	3.479000	-0.000200	102.236000
-114.100000	-0.240000	3.466000	-0.000100	102.439000
-114.200000	-0.241000	3.470000	-0.000100	102.635000
-114.300000	-0.241000	3.470000	-0.000100	102.834000
-114.300000	-0.242000	3.472000	-0.000200	103.036000
-114.400000	-0.242000	3.468000	-0.000200	103.236000
-114.400000	-0.243000	3.467000	-0.000300	103.433000
-114.500000	-0.243000	3.464000	-0.000200	103.636000
-114.500000	-0.244000	3.470000	-0.000200	103.835000
-114.600000	-0.244000	3.471000	-0.000200	104.034000
-114.400000	-0.245000	3.440000	-0.000200	104.238000
-114.400000	-0.245000	3.425000	-0.000200	104.439000
-114.500000	-0.246000	3.507000	-0.000200	104.633000
-114.800000	-0.246000	3.479000	-0.000200	104.836000
-114.800000	-0.247000	3.464000	-0.000200	105.036000
-114.900000	-0.247000	3.475000	-0.000200	105.238000
-114.900000	-0.248000	3.467000	-0.000100	105.434000
-114.900000	-0.248000	3.466000	-0.000200	105.638000
-114.900000	-0.249000	3.466000	-0.000100	105.835000
-115.000000	-0.249000	3.472000	-0.000100	106.039000
-115.100000	-0.250000	3.485000	-0.000100	106.236000
-115.000000	-0.250000	3.464000	-0.000100	106.433000
-114.700000	-0.251000	3.435000	-0.000200	106.635000
-114.800000	-0.251000	3.427000	-0.000200	106.837000
-114.800000	-0.252000	3.501000	-0.000200	107.037000
-115.300000	-0.252000	3.471000	-0.000300	107.233000
-115.200000	-0.253000	3.466000	-0.000200	107.436000
-115.200000	-0.253000	3.464000	-0.000100	107.638000
-115.200000	-0.254000	3.470000	-0.000100	107.834000
-115.300000	-0.254000	3.475000	-0.000100	108.037000
-115.300000	-0.255000	3.471000	-0.000200	108.236000
-115.100000	-0.255000	3.436000	-0.000200	108.435000
-114.400000	-0.256000	3.424000	-0.000200	108.632000
-114.500000	-0.256000	3.439000	-0.000200	108.834000
-114.800000	-0.257000	3.476000	-0.000200	109.036000
-114.700000	-0.257000	3.501000	-0.000200	109.239000
-114.900000	-0.258000	3.471000	-0.000100	109.433000
-115.000000	-0.258000	3.470000	-0.000100	109.637000
-115.000000	-0.259000	3.471000	-0.000200	109.839000
-115.100000	-0.259000	3.472000	-0.000100	110.039000
-115.100000	-0.260000	3.476000	-0.000200	110.240000
-115.100000	-0.260000	3.462000	-0.000200	110.439000
-115.200000	-0.261000	3.463000	-0.000200	110.639000
-115.000000	-0.261000	3.440000	-0.000200	110.836000
-115.000000	-0.262000	3.429000	-0.000100	111.035000
-115.100000	-0.262000	3.507000	-0.000100	111.238000
-115.300000	-0.263000	3.472000	-0.000100	111.435000
-115.400000	-0.263000	3.468000	-0.000100	111.637000
-115.400000	-0.264000	3.470000	-0.000200	111.836000
-115.400000	-0.264000	3.468000	-0.000200	112.040000
-115.500000	-0.265000	3.475000	-0.000200	112.239000
-115.500000	-0.265000	3.463000	-0.000200	112.433000
-115.600000	-0.266000	3.475000	-0.000200	112.635000
-115.300000	-0.266000	3.434000	-0.000200	112.834000
-115.400000	-0.267000	3.431000	-0.000100	113.038000
-115.400000	-0.267000	3.505000	-0.000100	113.241000
-115.900000	-0.268000	3.471000	-0.000200	113.438000
-115.800000	-0.268000	3.467000	-0.000200	113.637000
-115.700000	-0.269000	3.462000	-0.000100	113.839000
-115.800000	-0.269000	3.475000	-0.000200	114.035000
-115.900000	-0.270000	3.475000	-0.000200	114.236000
-115.900000	-0.270000	3.468000	-0.000200	114.438000
-115.800000	-0.271000	3.463000	-0.000200	114.639000
-115.900000	-0.271000	3.435000	-0.000100	114.839000
-115.700000	-0.272000	3.436000	-0.000100	115.036000
-115.800000	-0.272000	3.503000	-0.000100	115.240000
-116.000000	-0.273000	3.472000	-0.000200	115.439000
-116.100000	-0.273000	3.467000	-0.000200	115.636000
-116.100000	-0.274000	3.467000	-0.000200	115.837000
-116.100000	-0.274000	3.474000	-0.000200	116.038000
-116.200000	-0.275000	3.472000	-0.000200	116.239000
-116.200000	-0.275000	3.464000	-0.000200	116.436000
-116.100000	-0.276000	3.463000	-0.000100	116.637000
-115.900000	-0.276000	3.435000	-0.000100	116.837000
-116.000000	-0.277000	3.436000	-0.000100	117.040000
-116.100000	-0.277000	3.507000	-0.000200	117.240000
-116.300000	-0.278000	3.468000	-0.000100	117.436000
-116.300000	-0.278000	3.467000	-0.000200	117.636000
-116.300000	-0.279000	3.463000	-0.000200	117.838000
-116.400000	-0.279000	3.471000	-0.000200	118.036000
-116.500000	-0.280000	3.478000	-0.000200	118.239000
-116.500000	-0.280000	3.464000	-0.000200	118.439000
-116.400000	-0.281000	3.467000	-0.000100	118.634000
-116.500000	-0.281000	3.471000	-0.000100	118.837000
-116.300000	-0.282000	3.442000	-0.000200	119.041000
-116.300000	-0.282000	3.429000	-0.000200	119.235000
-114.500000	-0.283000	3.506000	-0.000200	119.434000
-113.800000	-0.283000	3.472000	-0.000200	119.637000
-114.000000	-0.284000	3.462000	-0.000200	119.834000
-114.100000	-0.284000	3.472000	-0.000200	120.036000
-114.200000	-0.285000	3.480000	-0.000100	120.239000
-114.400000	-0.285000	3.471000	-0.000100	120.434000
-114.400000	-0.286000	3.466000	-0.000100	120.641000
-114.600000	-0.286000	3.471000	-0.000200	120.835000
-114.700000	-0.287000	3.456000	-0.000200	121.036000
-114.500000	-0.287000	3.432000	-0.000200	121.235000
-114.600000	-0.288000	3.428000	-0.000200	121.438000
-115.100000	-0.288000	3.479000	-0.000200	121.635000
-115.100000	-0.289000	3.472000	-0.000300	121.836000
-115.100000	-0.289000	3.474000	-0.000200	122.036000
-114.800000	-0.290000	3.478000	-0.000200	122.238000
-114.300000	-0.290000	3.475000	-0.000200	122.440000
-114.300000	-0.291000	3.464000	-0.000100	122.634000
-114.400000	-0.291000	3.480000	-0.000100	122.838000
-114.600000	-0.292000	3.476000	-0.000100	123.040000
-114.700000	-0.292000	3.470000	-0.000200	123.237000
-114.800000	-0.293000	3.434000	-0.000200	123.440000
-114.500000	-0.293000	3.434000	-0.000200	123.638000
-114.600000	-0.294000	3.466000	-0.000200	123.835000
-115.000000	-0.294000	3.479000	-0.000200	124.039000
-115.200000	-0.295000	3.475000	-0.000300	124.242000
-115.200000	-0.295000	3.471000	-0.000100	124.436000
-115.200000	-0.296000	3.474000	-0.000100	124.636000
-115.200000	-0.296000	3.466000	-0.000100	124.837000
-115.400000	-0.297000	3.476000	-0.000100	125.039000
-115.400000	-0.298000	3.475000	-0.000200	125.238000
-115.400000	-0.298000	3.467000	-0.000200	125.440000
-115.500000	-0.298000	3.444000	-0.000200	125.640000
-115.200000	-0.299000	3.429000	-0.000200	125.838000
-115.300000	-0.299000	3.510000	-0.000200	126.037000
-115.500000	-0.300000	3.478000	-0.000200	126.236000
-114.200000	-0.300000	3.478000	-0.000100	126.437000
-113.900000	-0.301000	3.466000	-0.000100	126.635000
-114.100000	-0.301000	3.468000	-0.000100	126.836000
-114.200000	-0.302000	3.482000	-0.000200	127.041000
-114.300000	-0.302000	3.468000	-0.000200	127.240000
-114.300000	-0.303000	3.468000	-0.000200	127.437000
-114.300000	-0.303000	3.444000	-0.000100	127.637000
-114.300000	-0.304000	3.439000	-0.000200	127.841000
-114.300000	-0.305000	3.486000	-0.000200	128.037000
-114.600000	-0.305000	3.478000	-0.000200	128.241000
-114.700000	-0.305000	3.478000	-0.000100	128.440000
-114.700000	-0.306000	3.464000	-0.000200	128.635000
-114.700000	-0.306000	3.471000	-0.000200	128.840000
-114.800000	-0.307000	3.474000	-0.000200	129.037000
-114.800000	-0.307000	3.471000	-0.000200	129.239000
-114.800000	-0.308000	3.471000	-0.000200	129.435000
-114.900000	-0.308000	3.472000	-0.000200	129.637000
-115.000000	-0.309000	3.480000	-0.000200	129.839000
-114.600000	-0.310000	3.429000	-0.000200	130.034000
-114.600000	-0.310000	3.431000	-0.000100	130.236000
-114.700000	-0.311000	3.482000	-0.000200	130.437000
-115.000000	-0.311000	3.510000	-0.000100	130.640000
-115.100000	-0.311000	3.463000	-0.000200	130.837000
-115.000000	-0.312000	3.475000	-0.000200	131.036000
-115.100000	-0.312000	3.482000	-0.000200	131.236000
-115.100000	-0.313000	3.479000	-0.000200	131.435000
-115.100000	-0.313000	3.476000	-0.000300	131.639000
-115.100000	-0.314000	3.466000	-0.000200	131.836000
-115.100000	-0.314000	3.475000	-0.000100	132.040000
-114.900000	-0.315000	3.440000	-0.000200	132.236000
-114.900000	-0.316000	3.442000	-0.000100	132.437000
-115.000000	-0.316000	3.502000	-0.000100	132.635000
-115.300000	-0.317000	3.460000	-0.000200	132.839000
-115.000000	-0.317000	3.483000	-0.000200	133.041000
-115.100000	-0.318000	3.479000	-0.000200	133.239000
-115.100000	-0.318000	3.478000	-0.000200	133.439000
-115.000000	-0.318000	3.464000	-0.000200	133.637000
-115.100000	-0.319000	3.470000	-0.000200	133.839000
-115.100000	-0.319000	3.478000	-0.000200	134.036000
-115.100000	-0.320000	3.479000	-0.000200	134.236000
-115.200000	-0.320000	3.478000	-0.000100	134.439000
-114.800000	-0.321000	3.429000	-0.000100	134.634000
-114.800000	-0.322000	3.491000	-0.000200	134.840000
-114.600000	-0.322000	3.480000	-0.000300	135.042000
-114.500000	-0.323000	3.482000	-0.000200	135.241000
-114.400000	-0.323000	3.466000	-0.000200	135.441000
-114.400000	-0.323000	3.470000	-0.000200	135.640000
-114.500000	-0.324000	3.480000	-0.000200	135.837000
-114.400000	-0.324000	3.475000	-0.000100	136.036000
-114.400000	-0.325000	3.454000	-0.000200	136.242000
-114.100000	-0.325000	3.434000	-0.000200	136.441000
-113.800000	-0.326000	3.443000	-0.000200	136.637000
-113.400000	-0.327000	3.471000	-0.000200	136.843000
-111.100000	-0.327000	3.514000	-0.000200	137.036000
-104.500000	-0.328000	3.483000	-0.000300	137.240000
-104.400000	-0.328000	3.472000	-0.000200	137.441000
-102.400000	-0.329000	3.468000	-0.000200	137.639000
-76.940000	-0.329000	3.447000	-0.000200	137.841000
-76.830000	-0.329000	3.509000	-0.000100	138.038000
-77.530000	-0.330000	3.536000	-0.000100	138.237000
-78.170000	-0.330000	3.436000	-0.000100	138.438000
-78.710000	-0.331000	3.388000	-0.000200	138.640000
-79.030000	-0.331000	3.459000	-0.000300	138.839000
-79.570000	-0.332000	3.476000	-0.000200	139.036000
-80.380000	-0.333000	3.495000	-0.000300	139.240000
-80.860000	-0.333000	3.451000	-0.000200	139.436000
-81.290000	-0.334000	3.444000	-0.000100	139.640000
-81.770000	-0.334000	3.511000	-0.000200	139.839000
-82.250000	-0.335000	3.495000	-0.000200	140.038000
-82.740000	-0.335000	3.458000	-0.000200	140.235000
-83.220000	-0.335000	3.467000	-0.000200	140.440000
